[gd_resource type="SkeletonProfile" format=3 uid="uid://c8w0xagr6bnu1"]

[resource]
group_size = 1
bone_size = 30
groups/0/group_name = &""
bones/0/bone_name = &"mixamorig_Hips"
bones/0/bone_parent = &""
bones/0/tail_direction = 0
bones/0/reference_pose = Transform3D(0.743677, -0.521152, -0.418743, 0.227582, 0.786294, -0.574412, 0.62861, 0.331878, 0.703353, 0.0299268, 0.508861, 0.124387)
bones/0/handle_offset = Vector2(0.590833, 0.805505)
bones/0/group = &""
bones/0/require = false
bones/1/bone_name = &"mixamorig_Spine"
bones/1/bone_parent = &"mixamorig_Hips"
bones/1/tail_direction = 0
bones/1/reference_pose = Transform3D(0.999716, -0.022167, -0.00868104, 0.0203249, 0.984613, -0.173562, 0.0123948, 0.173336, 0.984784, 2.38419e-09, 0.112139, 0.00568613)
bones/1/handle_offset = Vector2(0.578719, 0.788593)
bones/1/group = &""
bones/1/require = false
bones/2/bone_name = &"mixamorig_Spine1"
bones/2/bone_parent = &"mixamorig_Spine"
bones/2/tail_direction = 0
bones/2/reference_pose = Transform3D(0.986473, 0.0444732, -0.157778, -0.0473417, 0.998774, -0.0144669, 0.156941, 0.0217407, 0.987369, 9.53674e-09, 0.130996, -6.67572e-08)
bones/2/handle_offset = Vector2(0.563007, 0.771123)
bones/2/group = &""
bones/2/require = false
bones/3/bone_name = &"mixamorig_Spine2"
bones/3/bone_parent = &"mixamorig_Spine1"
bones/3/tail_direction = 0
bones/3/reference_pose = Transform3D(0.986355, 0.0587567, -0.153793, -0.059719, 0.998214, -0.00164083, 0.153421, 0.0108028, 0.988102, 9.53674e-09, 0.14971, 9.53674e-09)
bones/3/handle_offset = Vector2(0.545824, 0.751325)
bones/3/group = &""
bones/3/require = false
bones/4/bone_name = &"mixamorig_Neck"
bones/4/bone_parent = &"mixamorig_Spine2"
bones/4/tail_direction = 0
bones/4/reference_pose = Transform3D(0.899721, 0.246821, 0.359974, -0.197261, 0.96566, -0.169081, -0.389345, 0.0811168, 0.917513, -4.76837e-08, 0.168424, 8.58307e-08)
bones/4/handle_offset = Vector2(0.527742, 0.729181)
bones/4/group = &""
bones/4/require = false
bones/5/bone_name = &"mixamorig_Head"
bones/5/bone_parent = &"mixamorig_Neck"
bones/5/tail_direction = 0
bones/5/reference_pose = Transform3D(0.930911, -0.0612169, 0.360079, -0.226337, 0.677063, 0.700255, -0.286664, -0.733374, 0.61643, 1.72853e-08, 0.241554, -0.0207949)
bones/5/handle_offset = Vector2(0.509055, 0.698789)
bones/5/group = &""
bones/5/require = false
bones/6/bone_name = &"mixamorig_HeadTop_End"
bones/6/bone_parent = &"mixamorig_Head"
bones/6/tail_direction = 0
bones/6/reference_pose = Transform3D(1, 1.90921e-08, 9.31322e-10, -1.90921e-08, 1, 4.65661e-10, -9.31322e-10, -4.65661e-10, 1, 3.33786e-08, 1.66047, -0.142946)
bones/6/handle_offset = Vector2(0.441349, 0.373908)
bones/6/group = &""
bones/6/require = false
bones/7/bone_name = &"mixamorig_HeadTop_End_end"
bones/7/bone_parent = &"mixamorig_HeadTop_End"
bones/7/tail_direction = 0
bones/7/reference_pose = Transform3D(1, 6.76542e-17, 0, -6.76542e-17, 1, 0, 0, 0, 1, 2.30926e-16, 1.66661, -7.10543e-17)
bones/7/handle_offset = Vector2(0.371784, 0.05)
bones/7/group = &""
bones/7/require = false
bones/8/bone_name = &"mixamorig_LeftShoulder"
bones/8/bone_parent = &"mixamorig_Spine2"
bones/8/tail_direction = 0
bones/8/reference_pose = Transform3D(0.0365618, 0.999256, 0.0122564, 0.76504, -0.0200971, -0.643669, -0.642944, 0.0329104, -0.765206, 0.13069, 0.146338, -0.00339845)
bones/8/handle_offset = Vector2(0.547489, 0.733238)
bones/8/group = &""
bones/8/require = false
bones/9/bone_name = &"mixamorig_LeftArm"
bones/9/bone_parent = &"mixamorig_LeftShoulder"
bones/9/tail_direction = 0
bones/9/reference_pose = Transform3D(-0.28036, 0.079188, -0.956623, -0.156671, 0.979452, 0.126994, 0.947023, 0.185479, -0.262192, -4.16487e-08, 0.261844, 1.66893e-08)
bones/9/handle_offset = Vector2(0.581211, 0.738539)
bones/9/group = &""
bones/9/require = false
bones/10/bone_name = &"mixamorig_LeftForeArm"
bones/10/bone_parent = &"mixamorig_LeftArm"
bones/10/tail_direction = 0
bones/10/reference_pose = Transform3D(0.13912, -0.84184, -0.521489, 0.0791446, 0.534377, -0.841533, 0.987108, 0.075801, 0.14097, -3.8147e-08, 0.104552, 3.45707e-08)
bones/10/handle_offset = Vector2(0.597262, 0.738421)
bones/10/group = &""
bones/10/require = false
bones/11/bone_name = &"mixamorig_LeftHand"
bones/11/bone_parent = &"mixamorig_LeftForeArm"
bones/11/tail_direction = 0
bones/11/reference_pose = Transform3D(0.977268, -0.200317, -0.0694238, 0.203477, 0.978185, 0.0418437, 0.0595273, -0.0550187, 0.99671, 2.262e-07, 0.165356, 2.38419e-08)
bones/11/handle_offset = Vector2(0.593098, 0.737455)
bones/11/group = &""
bones/11/require = false
bones/12/bone_name = &"mixamorig_LeftHand_end"
bones/12/bone_parent = &"mixamorig_LeftHand"
bones/12/tail_direction = 0
bones/12/reference_pose = Transform3D(1, 2.77556e-17, 3.46945e-18, -2.77556e-17, 1, 2.77556e-17, -3.46945e-18, -2.77556e-17, 1, 0, 0.165356, 1.77636e-17)
bones/12/handle_offset = Vector2(0.590307, 0.729789)
bones/12/group = &""
bones/12/require = false
bones/13/bone_name = &"mixamorig_RightShoulder"
bones/13/bone_parent = &"mixamorig_Spine2"
bones/13/tail_direction = 0
bones/13/reference_pose = Transform3D(-0.112847, -0.993112, -0.0315326, -0.542248, 0.0881466, -0.835581, 0.832605, -0.0771947, -0.54846, -0.13069, 0.146795, 0.00561514)
bones/13/handle_offset = Vector2(0.512453, 0.731201)
bones/13/group = &""
bones/13/require = false
bones/14/bone_name = &"mixamorig_RightArm"
bones/14/bone_parent = &"mixamorig_RightShoulder"
bones/14/tail_direction = 0
bones/14/reference_pose = Transform3D(0.546124, 0.200743, -0.813296, -0.0682158, 0.978295, 0.195663, 0.834922, -0.0513765, 0.547965, -6.97374e-08, 0.261844, -3.8147e-08)
bones/14/handle_offset = Vector2(0.478255, 0.72185)
bones/14/group = &""
bones/14/require = false
bones/15/bone_name = &"mixamorig_RightForeArm"
bones/15/bone_parent = &"mixamorig_RightArm"
bones/15/tail_direction = 0
bones/15/reference_pose = Transform3D(0.424737, 0.0714072, 0.902496, -0.337285, 0.937598, 0.0845502, -0.840141, -0.34031, 0.422318, -8.70228e-08, 0.0991649, 4.76837e-08)
bones/15/handle_offset = Vector2(0.463966, 0.722105)
bones/15/group = &""
bones/15/require = false
bones/16/bone_name = &"mixamorig_RightHand"
bones/16/bone_parent = &"mixamorig_RightForeArm"
bones/16/tail_direction = 0
bones/16/reference_pose = Transform3D(0.993226, -0.0456037, 0.106879, 0.0713527, 0.965302, -0.2512, -0.0917149, 0.257124, 0.962016, 1.66893e-08, 0.165281, -3.33786e-08)
bones/16/handle_offset = Vector2(0.437842, 0.73247)
bones/16/group = &""
bones/16/require = false
bones/17/bone_name = &"mixamorig_RightHand_end"
bones/17/bone_parent = &"mixamorig_RightHand"
bones/17/tail_direction = 0
bones/17/reference_pose = Transform3D(1, 5.55112e-17, 2.77556e-17, -5.55112e-17, 1, -1.11022e-16, -2.77556e-17, 1.11022e-16, 1, 1.42109e-16, 0.165281, 0)
bones/17/handle_offset = Vector2(0.417583, 0.743481)
bones/17/group = &""
bones/17/require = false
bones/18/bone_name = &"mixamorig_LeftUpLeg"
bones/18/bone_parent = &"mixamorig_Hips"
bones/18/tail_direction = 0
bones/18/reference_pose = Transform3D(-0.784106, -0.202972, 0.586498, 0.413482, 0.533887, 0.737562, -0.462828, 0.820833, -0.334699, 0.202397, -0.0625544, -0.0109047)
bones/18/handle_offset = Vector2(0.628215, 0.80488)
bones/18/group = &""
bones/18/require = false
bones/19/bone_name = &"mixamorig_LeftLeg"
bones/19/bone_parent = &"mixamorig_LeftUpLeg"
bones/19/tail_direction = 0
bones/19/reference_pose = Transform3D(-0.01421, -0.936221, -0.351125, -0.118011, -0.347136, 0.93036, -0.992911, 0.0546571, -0.105552, 1.43051e-08, 0.21148, 1.90735e-08)
bones/19/handle_offset = Vector2(0.59566, 0.809003)
bones/19/group = &""
bones/19/require = false
bones/20/bone_name = &"mixamorig_LeftFoot"
bones/20/bone_parent = &"mixamorig_LeftLeg"
bones/20/tail_direction = 0
bones/20/reference_pose = Transform3D(0.364898, 0.234146, -0.901124, -0.865517, 0.441994, -0.235632, 0.343119, 0.86592, 0.36394, -3.69549e-08, 0.137404, -9.53674e-09)
bones/20/handle_offset = Vector2(0.618786, 0.817288)
bones/20/group = &""
bones/20/require = false
bones/21/bone_name = &"mixamorig_LeftToeBase"
bones/21/bone_parent = &"mixamorig_LeftFoot"
bones/21/tail_direction = 0
bones/21/reference_pose = Transform3D(0.973334, 0.22038, 0.0636679, 0.0326049, 0.141822, -0.989355, -0.227064, 0.965049, 0.130855, -2.38419e-09, 0.377234, -1.71661e-07)
bones/21/handle_offset = Vector2(0.610966, 0.864631)
bones/21/group = &""
bones/21/require = false
bones/22/bone_name = &"mixamorig_LeftToe_End"
bones/22/bone_parent = &"mixamorig_LeftToeBase"
bones/22/tail_direction = 0
bones/22/reference_pose = Transform3D(1, 5.96046e-08, 4.15603e-08, -5.96047e-08, 1, 1.88593e-08, -4.15603e-08, -1.88593e-08, 1, -1.66893e-07, 0.198366, -4.69387e-09)
bones/22/handle_offset = Vector2(0.590366, 0.840889)
bones/22/group = &""
bones/22/require = false
bones/23/bone_name = &"mixamorig_LeftToe_End_end"
bones/23/bone_parent = &"mixamorig_LeftToe_End"
bones/23/tail_direction = 0
bones/23/reference_pose = Transform3D(1, 2.77556e-17, -3.08149e-33, -2.77556e-17, 1, -1.11022e-16, 0, 1.11022e-16, 1, 0, 0.198366, 0)
bones/23/handle_offset = Vector2(0.569766, 0.817147)
bones/23/group = &""
bones/23/require = false
bones/24/bone_name = &"mixamorig_RightUpLeg"
bones/24/bone_parent = &"mixamorig_Hips"
bones/24/tail_direction = 0
bones/24/reference_pose = Transform3D(-0.201856, -0.624429, 0.754549, -0.878355, -0.225418, -0.421521, 0.433298, -0.747848, -0.502968, -0.202397, -0.0625545, -0.000860679)
bones/24/handle_offset = Vector2(0.567419, 0.824378)
bones/24/group = &""
bones/24/require = false
bones/25/bone_name = &"mixamorig_RightLeg"
bones/25/bone_parent = &"mixamorig_RightUpLeg"
bones/25/tail_direction = 0
bones/25/reference_pose = Transform3D(-0.579149, 0.799184, -0.160909, 0.606525, 0.290524, -0.740083, -0.544714, -0.526213, -0.652982, 6.4373e-08, 0.211585, -1.19209e-09)
bones/25/handle_offset = Vector2(0.565997, 0.819733)
bones/25/group = &""
bones/25/require = false
bones/26/bone_name = &"mixamorig_RightFoot"
bones/26/bone_parent = &"mixamorig_RightLeg"
bones/26/tail_direction = 0
bones/26/reference_pose = Transform3D(0.753883, -0.47749, -0.45129, 0.650798, 0.636935, 0.41325, 0.0901197, -0.605242, 0.790924, 4.76837e-08, 0.137865, -9.38773e-09)
bones/26/handle_offset = Vector2(0.554172, 0.842346)
bones/26/group = &""
bones/26/require = false
bones/27/bone_name = &"mixamorig_RightToeBase"
bones/27/bone_parent = &"mixamorig_RightFoot"
bones/27/tail_direction = 0
bones/27/reference_pose = Transform3D(0.873506, -0.486298, 0.022383, 0.107968, 0.148693, -0.982972, 0.474689, 0.861049, 0.182389, 1.51992e-07, 0.387947, -5.42402e-08)
bones/27/handle_offset = Vector2(0.586412, 0.903461)
bones/27/group = &""
bones/27/require = false
bones/28/bone_name = &"mixamorig_RightToe_End"
bones/28/bone_parent = &"mixamorig_RightToeBase"
bones/28/tail_direction = 0
bones/28/reference_pose = Transform3D(1, 1.64452e-15, 3.72529e-09, -2.05391e-15, 1, 1.09896e-07, -3.72529e-09, -1.09896e-07, 1, 1.07288e-07, 0.200375, -9.53674e-08)
bones/28/handle_offset = Vector2(0.590963, 0.92673)
bones/28/group = &""
bones/28/require = false
bones/29/bone_name = &"mixamorig_RightToe_End_end"
bones/29/bone_parent = &"mixamorig_RightToe_End"
bones/29/tail_direction = 0
bones/29/reference_pose = Transform3D(1, -2.77556e-17, 4.16334e-17, 2.77556e-17, 1, 1.15556e-33, -4.16334e-17, 0, 1, 1.77636e-17, 0.200375, 0)
bones/29/handle_offset = Vector2(0.595515, 0.95)
bones/29/group = &""
bones/29/require = false
