[gd_scene load_steps=3 format=3 uid="uid://7l5yih8w56c3"]

[ext_resource type="Script" path="res://Cowboy_Player/follow_cam.gd" id="1_aphvx"]

[sub_resource type="CapsuleMesh" id="CapsuleMesh_kqifv"]

[node name="CameraSet" type="Node3D" groups=["camera"]]
transform = Transform3D(-1, 0, -8.74228e-08, 0, 1, 0, 8.74228e-08, 0, -1, 0, 0, 0.0591612)
script = ExtResource("1_aphvx")

[node name="SpringArmPivot" type="Node3D" parent="."]
transform = Transform3D(1, 0, 0, 0, 1, 0, 0, 0, 1, 0, 0, 0.005)

[node name="SpringArm3D" type="SpringArm3D" parent="SpringArmPivot"]
transform = Transform3D(1, 0, 0, 0, 0.977732, 0.209858, 0, -0.209858, 0.977732, 0.000814877, 2.75854, 3.09514)
spring_length = 5.0
margin = 0.5

[node name="Margin" type="Node3D" parent="SpringArmPivot/SpringArm3D"]
transform = Transform3D(1, 0, 0, 0, 0.994978, -0.100101, 0, 0.100101, 0.994978, -5.82077e-11, 1.34759, 9.94268)

[node name="Camera3D" type="Camera3D" parent="SpringArmPivot/SpringArm3D/Margin"]
transform = Transform3D(1, 1.19556e-10, -8.39478e-10, -8.58735e-11, 0.999198, 0.0400095, 8.43592e-10, -0.0400095, 0.999198, 1.74157e-07, -1.79169, -3.86917)
current = true

[node name="Node3D" type="Node3D" parent="SpringArmPivot"]
transform = Transform3D(1, 1.19557e-10, -8.39478e-10, 8.22892e-12, 0.988594, 0.150606, 8.47905e-10, -0.150606, 0.988594, 0.000815835, -0.555493, -0.0872124)

[node name="MeshInstance3D" type="MeshInstance3D" parent="SpringArmPivot/Node3D"]
transform = Transform3D(0.205, 0, 0, 0, 0.205, 0, 0, 0, 0.205, 0, 0.485841, 0.0740147)
mesh = SubResource("CapsuleMesh_kqifv")
