[gd_scene load_steps=2 format=3 uid="uid://7l5yih8w56c3"]

[ext_resource type="Script" path="res://Cowboy_Player/follow_cam.gd" id="1_aphvx"]

[node name="CameraSet" type="Node3D" node_paths=PackedStringArray("spring_arm_pivot") groups=["camera"]]
transform = Transform3D(1, 0, 0, 0, 1, 0, 0, 0, 1, 0, 0, 0.0591612)
script = ExtResource("1_aphvx")
spring_arm_pivot = NodePath("SpringArmPivot")

[node name="SpringArmPivot" type="Node3D" parent="." groups=["camera"]]
transform = Transform3D(1, 0, 0, 0, 1, 0, 0, 0, 1, 0, 0, 0.005)

[node name="SpringArm3D" type="SpringArm3D" parent="SpringArmPivot"]
transform = Transform3D(1, 0, 0, 0, 0.977001, 0.213235, 0, -0.213235, 0.977001, 0.00799954, 2, 5.10343)
spring_length = 5.0
margin = 0.5

[node name="Margin" type="Node3D" parent="SpringArmPivot/SpringArm3D"]
transform = Transform3D(1, 0, 0, 0, 0.994978, -0.100101, -7.10543e-15, 0.100101, 0.994978, 3.58559e-07, 1.34759, 5.82021)

[node name="Camera3D" type="Camera3D" parent="SpringArmPivot/SpringArm3D/Margin"]
transform = Transform3D(1, 3.18976e-16, 7.18526e-15, 1.52198e-15, 0.987649, -0.156676, -7.67552e-17, 0.156676, 0.987649, 0, -1.54994, 0.245561)
current = true
fov = 62.4
